1
1
heal
0 75 50 0
189 138 -1
200 30 -1

2
2
block
0 50 0 0
81 -1
-1

3
3
cure blindness
0 60 0 0
221 -1
-1

4
4
illuminate
0 25 10 29
212 -1  pre-reqs
218 -1  enables

6
6
firewall
18 85 85 0
219 -1  pre-reqs
-1  enables


10
10
web
5 50 35 0
150 -1
11 -1

11
11
entangle
6 65 40 0
10 -1
-1

12
12
calm
12 80 40 0
193 192 -1
-1

14
14
mass charm
18 100 75 0
178 -1
-1

17
17
typhoon
10 50 65 0
217 215 -1
-1

18
18
tornado
10 50 65 0
217 215 -1
-1

20
20
quake
10 75 35 0
212 -1
-1

21
21
distortion wall
15 75 65 0
144 -1
-1

22
22
lightning storm
15 85 50 0
217 -1
-1

25
25
meteorstorm
15 100 50 0
219 -1
-1

30
30
restore
20 100 80 0
1 -1
-1


38
38
burning hands
5 50 25 0
135 -1
-1

39
39
rainbow
8 75 35 0
218 -1
-1

43
43
bodyslam
10 100 0 0
90 -1
44 -1

44
44
hurl
10 90 0 0
43 -1
-1

47
47
backstab
5 100 0 0
114 -1
49 -1

48
48
picklock
5 100 0 0
112 -1
-1

49
49
circle
10 100 0 0
47 -1
-1

61
61
claw
0 50 0 0
100 -1
-1

63
63
skin
0 50 0 0
128 -1
-1

64
64
commerce
0 50 0 0
-1
-1

79
79
weapon mastery
0 50 0 0
-1
80 81 82 83 84 88 -1


80
80
dagger
0 75 0 0
79 -1
-1

 
81
81
sword
0 85 0 0
79 -1
2 -1


82
82
mace
0 65 0 0
79 -1
-1


83
83
whip
0 75 0 0
79 -1
-1


84
84
bow
0 85 0 0
79 111 -1
-1


85
85
brawling
0 50 0 0
-1
86 87 88 97 -1


86
86
door bash
0 50 0 0
85 -1
-1


87 
87
block door
0 75 0 0
85 -1
-1


88
88
enhanced damage
0 100 0 0
85 79 -1
89 -1


89
89
bash
0 85 0 0
88 -1
90 -1


90
90
berserk
10 100 0 0
89 -1
43 -1


91 
91
honor code
0 75 0 0
-1
92 93 -1


92
92
shield
0 75 0 0
91 -1
94 -1


93
93
leadership
0 75 0 0
91 -1
-1


94
94
rescue
0 100 0 0
92 -1
95 -1


95
95
guard
0 100 0 0
94 -1
96 -1


96
96
swordbond
10 100 0 0
95 -1
-1


97
97
wrestling
0 75 0 0
85 -1
98 99 -1


98
98
martial arts
0 100 0 0
97 -1
101 100 -1


99
99
kick
0 50 0 0
97 -1
-1


100
100
trip
0 35 0 0
98 -1
102 61 -1

101
101
dodge
0 75 0 0
98 -1
103 -1

102
102
critical strike
20 100 0 0
100 103 -1
-1

103
103
quickfoot
10 100 0 0
101 -1
102 -1

104
104
fencing
0 85 0 0
91 -1
105 106 -1

105
105
parry
0 75 0 0
104 -1
107 -1

106
106
second attack
15 100 0 0
104 -1
108 -1

107
107
disarm
0 50 0 0
105 -1
-1

108
108
dual wield
0 75 0 0
106 -1
-1

109 
109
balistics
0 50 0 0
112 -1
111 110 -1

110
110
throwing
0 100 0 0
109 -1
-1

111
111
archery
0 100 0 0
109 -1
84 -1


112
112
acrobatics
0 50 0 0
-1
109 113 114 48 -1

113
113
climbing
0 35 0 0
112 -1
-1

114
114
sneak
0 50 0 0
112 -1
47 115 -1

115
115
camouflage
0 50 0 0
114 -1
116 -1

116
116
hide
0 50 0 0
115 -1
117 -1

117
117
tail
0 75 0 0
116 -1
-1

118
118
literacy
0 50 0 0
-1
119 134 -1

119
119
scrolls
0 50 0 0
118 135 -1
120 121 -1

120
120
scribe
0 75 0 0
119 -1
122 -1

121
121
meditation
0 50 0 0
119 -1
123 -1

122
122
ancient languages
0 100 0 0
120 -1
124 -1

123
123
mana
0 65 0 0
121 -1
-1

124
124
lore
0 85 0 0
122 -1
-1


125
125
blacksmithing
0 50 0 0
-1
126 -1


126
126
logic
0 50 0 0
125 -1
127 -1

127
127
construct
0 80 0 0
126 -1
-1


128
128
forestry
0 50 0 0
-1
129 130 131 63 -1


129
129
herbalism
0 50 0 0
128 -1
132 -1

130
130
track
0 80 0 0
128 -1
133 -1


131
131
camping
0 30 0 0
128 -1
-1

132
132
brew
0 50 0 0
129 -1
-1

133
133
butcher
0 50 0 0
130 -1
-1

134
134
philosophy
0 50 0 0
-1
135 137 138 91 -1

135
135
channeling
0 50 0 0
134 -1
38 136 139 143 154 140 144 150 169 119 -1

136
136
shocking grasp
0 50 35 0
-1
217 218 -1


137
137
Physik
0 50 0 0
134 -1
154 141 142 -1

138
138
religion
0 50 0 0
134 -1
1 201 191 192 196 -1


139
139
dart of darkness
0 35 10 0
135 -1
-1

140
140
shadows blessing
0 35 15 0
135 -1
-1

141
141
healing
0 50 0 0
137 -1
187 188 143 -1

142
142
harming
0 50 0 0
137 -1
221 222 224 -1

143
143
protection
0 50 0 0
135 141 -1
201 -1

144
144
conjuring
0 50 0 0
135 -1
21 145 146 167 159 148 -1

145
145
create golem
0 50 40 0
144 -1
-1

146
146
conjure minion
0 75 40 0
144 -1
147 -1

147
147
conjure horde
0 100 75 0
146 -1
-1


148
148
necromancy
0 65 0 0
144 -1
149 -1

149
149
raise undead
0 90 45 0
148 -1
-1

150
150
illusion
0 50 0 0
135 -1
168 151 152 10 -1

151
151
faerie fire
0 35 15 0
150 -1
-1

152
152
invisibility
0 70 15 0
150 -1
153 -1

153
153
mirror image
0 100 60 0
152 -1
-1

154
154
detection
0 45 0 0
-1
155 156 161 -1

155
155
detect magic
0 35 20 0
154 -1
176 162 -1

156
156
detect poison
0 25 5 0
154 -1
-1

159
159
gate
0 100 65 0
144 -1
160 -1

160
160
portal
0 100 100 0
144 -1
-1

161
161
scrying
0 50 0 0
154 -1
165 166 -1

162
162
detect hidden
0 50 15 0
155 -1
163 -1

163
163
detect invisibility
0 65 20 0
162 -1
-1

164
164
detect alignment
0 25 10 0
154 -1
-1

165
165
identify
0 35 35 0
161 -1
-1

166
166
locate
0 100 65 0
161 -1
167 168 -1

167
167
summon
0 80 45 0
144 166 -1
-1

168
168
wizard eye
0 100 55 0
150 166 -1
-1

169
169
enchantment
0 45 0 0
135 -1
170 171 172 173 174 176 -1

170
170
weaken
0 65 35 0
169 -1
177 -1

171
171
sleep
0 50 25 0
169 -1
178 -1

172
172
fly
0 80 45 0
169 -1
180 -1

173
173
recharge
0 100 75 0
169 -1
182 183 -1

174
174
fireproof
0 85 85 0
169 -1
-1

175
175
haste
0 75 75 0
177 -1
-1

176
176
dispel magic
0 80 65 0
155 169 -1
-1

177
177
strength
0 50 35 0
170 -1
175 -1

178
178
charm
0 75 50 0
171 -1
14 -1

179
179
teleport
0 60 40 0
180 -1
-1

180
180
recall
0 50 25 0
172 -1
179 181 -1

181
181
passdoor
0 65 35 0
180 -1
-1

182
182
enchant weapon
0 75 100 0
173 -1
186 185 184 -1

183
183
enchant armor
0 75 100 0
173 -1
186 185 184 -1

184
184
rune edge
0 75 100 0
182 -1
-1

185
185
frost blade
0 75 100 0
182 -1
-1

186
186
fire blade
0 75 100 0
182 -1
-1

187
187
bind wound
0 30 10 0
141 -1
-1

188
188
cure serious
0 50 25 0
141 -1
189 -1


189
189
cure critical
0 50 30 0
188 -1
1 -1

191
191
bless
0 25 10 0
138 -1
193 209 -1

192
192
protection from evil
0 50 20 0
138 -1
194 228 12 -1


193
193
protection from good
0 50 20 0
191 12 -1
195 -1

194
194
remove curse
0 50 50 0
192 -1
-1

195
195
dispel good
0 50 50 0
193 -1
197 -1

196
196
curse
0 50 35 0
138 -1
-1

197
197
harm
0 50 50 0
228 195 -1
-1

198
198
flame strike
0 65 65 0
201 -1
199 -1

199
199
holy word
0 75 75 0
198 -1
-1

200
200
group heal
0 50 75 0
1 -1
-1

201
201
divine protection
0 50 0 0
138 143 -1
198 203 -1

202
202
strength conditioning
0 35 0 0
-1
112 79 85 -1


203
203
armor
0 40 25 0
-1
204 -1

204
204
stone skin
0 50 35 0
203 -1
205 -1

205
205
sanctuary
12 80 100 0
204 -1
206 208 -1

206
206
prismatic globe
20 100 100 0
205 -1
-1

208
208
absorb blows
0 100 65 0
205 -1
-1

209
209
creation
0 25 0 0
191 -1
210 212 -1

210
210
create food
0 35 10 0
209 -1
211 -1

211
211
heros feast
0 40 30 0
210 -1
-1

212
212
elementalism
0 50 0 0
209 -1
213 136 4 20 -1

213
213
create water
0 40 10 0
212 -1
215 -1

214
214
magic shield
0 70 35 0
203 -1
-1

215
215
icestorm
0 60 45 0
213 -1
17 18 -1


217
217
lightning bolt
0 45 40 0
136 -1
22 17 18 -1

218
218
create light
0 35 15 0
4 136 -1
39 -1

219
219
fireball
0 60 45 0
38 -1
220  6-1

220
220
firestorm
0 65 50 0
219 -1
25 -1

221
221
blindness
0 35 20 0
142 -1
3 -1

222
222
cause sickness
0 35 20 0
142 -1
225 226 -1

224
224
cause critical
0 45 25 0
142 -1
-1

225
225
weaken
0 40 35 0
222 -1
-1

226
226
poison
0 50 25 0
222 -1
227 -1

227
227
plague
0 50 60 0
226 -1 
-1

228
228
dispel evil
0 50 50 0
192 -1
197 -1

229
229
steal
0 80 0 0
114 -1
-1

-1 EOF

